{
    "basis_align": [
        [
            [
                4.930380657631324e-32,
                2.220446049250313e-16,
                1.0
            ],
            [
                2.220446049250313e-16,
                1.0,
                -2.220446049250313e-16
            ],
            [
                -1.0,
                2.220446049250313e-16,
                -0.0
            ]
        ],
        [
            [
                0.2079116851091385,
                1.758789402543976e-16,
                0.9781476259231567
            ],
            [
                1.758789402543976e-16,
                1.0,
                -2.1719240315646465e-16
            ],
            [
                -0.9781476259231567,
                2.1719240315646465e-16,
                0.2079116851091385
            ]
        ],
        [
            [
                0.4067366421222687,
                1.3173093453390321e-16,
                0.9135454297065735
            ],
            [
                1.3173093453390321e-16,
                1.0,
                -2.0284783402026407e-16
            ],
            [
                -0.9135454297065735,
                2.0284783402026407e-16,
                0.4067366421222687
            ]
        ],
        [
            [
                0.5877852439880371,
                9.153006264294447e-17,
                0.80901700258255
            ],
            [
                9.153006264294447e-17,
                1.0,
                -1.7963786071607536e-16
            ],
            [
                -0.80901700258255,
                1.7963786071607536e-16,
                0.5877852439880371
            ]
        ],
        [
            [
                0.7431448101997375,
                5.703330914214321e-17,
                0.6691306233406067
            ],
            [
                5.703330914214321e-17,
                1.0,
                -1.4857684490290495e-16
            ],
            [
                -0.6691306233406067,
                1.4857684490290495e-16,
                0.7431448101997375
            ]
        ],
        [
            [
                0.8660253882408142,
                2.974833973805286e-17,
                0.5
            ],
            [
                2.974833973805286e-17,
                1.0,
                -1.1102230246251565e-16
            ],
            [
                -0.5,
                1.1102230246251565e-16,
                0.8660253882408142
            ]
        ],
        [
            [
                0.9510565400123596,
                1.0867629582258461e-17,
                0.30901700258255005
            ],
            [
                1.0867629582258461e-17,
                1.0,
                -6.86155582535597e-17
            ],
            [
                -0.30901700258255005,
                6.86155582535597e-17,
                0.9510565400123596
            ]
        ],
        [
            [
                0.9945219159126282,
                1.2163789135290013e-18,
                0.10452846437692642
            ],
            [
                1.2163789135290013e-18,
                1.0,
                -2.3209981575994836e-17
            ],
            [
                -0.10452846437692642,
                2.3209981575994836e-17,
                0.9945219159126282
            ]
        ],
        [
            [
                0.9945219159126282,
                1.2163789135290013e-18,
                -0.10452846437692642
            ],
            [
                1.2163789135290013e-18,
                1.0,
                2.3209981575994836e-17
            ],
            [
                0.10452846437692642,
                -2.3209981575994836e-17,
                0.9945219159126282
            ]
        ],
        [
            [
                0.9510565400123596,
                1.0867629582258461e-17,
                -0.30901700258255005
            ],
            [
                1.0867629582258461e-17,
                1.0,
                6.86155582535597e-17
            ],
            [
                0.30901700258255005,
                -6.86155582535597e-17,
                0.9510565400123596
            ]
        ],
        [
            [
                0.8660253882408142,
                2.974833973805286e-17,
                -0.5
            ],
            [
                2.974833973805286e-17,
                1.0,
                1.1102230246251565e-16
            ],
            [
                0.5,
                -1.1102230246251565e-16,
                0.8660253882408142
            ]
        ],
        [
            [
                0.7431448101997375,
                5.703330914214321e-17,
                -0.6691306233406067
            ],
            [
                5.703330914214321e-17,
                1.0,
                1.4857684490290495e-16
            ],
            [
                0.6691306233406067,
                -1.4857684490290495e-16,
                0.7431448101997375
            ]
        ],
        [
            [
                0.5877852439880371,
                9.153006264294447e-17,
                -0.80901700258255
            ],
            [
                9.153006264294447e-17,
                1.0,
                1.7963786071607536e-16
            ],
            [
                0.80901700258255,
                -1.7963786071607536e-16,
                0.5877852439880371
            ]
        ],
        [
            [
                0.4067366421222687,
                1.3173093453390321e-16,
                -0.9135454297065735
            ],
            [
                1.3173093453390321e-16,
                1.0,
                2.0284783402026407e-16
            ],
            [
                0.9135454297065735,
                -2.0284783402026407e-16,
                0.4067366421222687
            ]
        ],
        [
            [
                0.2079116851091385,
                1.758789402543976e-16,
                -0.9781476259231567
            ],
            [
                1.758789402543976e-16,
                1.0,
                2.1719240315646465e-16
            ],
            [
                0.9781476259231567,
                -2.1719240315646465e-16,
                0.2079116851091385
            ]
        ],
        [
            [
                1.2246468525851679e-16,
                2.220446049250313e-16,
                -1.0
            ],
            [
                2.220446049250313e-16,
                1.0,
                2.220446049250313e-16
            ],
            [
                1.0,
                -2.220446049250313e-16,
                1.2246468525851679e-16
            ]
        ],
        [
            [
                -0.2079116851091385,
                2.6821028283055483e-16,
                -0.9781476259231567
            ],
            [
                2.6821028283055483e-16,
                1.0,
                2.1719241639135445e-16
            ],
            [
                0.9781476259231567,
                -2.1719241639135445e-16,
                -0.2079116851091385
            ]
        ],
        [
            [
                -0.4067366421222687,
                3.123582753161594e-16,
                -0.9135454297065735
            ],
            [
                3.123582753161594e-16,
                1.0,
                2.0284782078537427e-16
            ],
            [
                0.9135454297065735,
                -2.0284782078537427e-16,
                -0.4067366421222687
            ]
        ],
        [
            [
                -0.5877852439880371,
                3.5255914720711814e-16,
                -0.80901700258255
            ],
            [
                3.5255914720711814e-16,
                1.0,
                1.7963786071607536e-16
            ],
            [
                0.80901700258255,
                -1.7963786071607536e-16,
                -0.5877852439880371
            ]
        ],
        [
            [
                -0.7431448101997375,
                3.870558874730296e-16,
                -0.6691306233406067
            ],
            [
                3.870558874730296e-16,
                1.0,
                1.4857684490290495e-16
            ],
            [
                0.6691306233406067,
                -1.4857684490290495e-16,
                -0.7431448101997375
            ]
        ],
        [
            [
                -0.8660253882408142,
                4.1434088334689955e-16,
                -0.5
            ],
            [
                4.1434088334689955e-16,
                1.0,
                1.1102230246251565e-16
            ],
            [
                0.5,
                -1.1102230246251565e-16,
                -0.8660253882408142
            ]
        ],
        [
            [
                -0.9510565400123596,
                4.3322159184833273e-16,
                -0.30901700258255005
            ],
            [
                4.3322159184833273e-16,
                1.0,
                6.86155582535597e-17
            ],
            [
                0.30901700258255005,
                -6.86155582535597e-17,
                -0.9510565400123596
            ]
        ],
        [
            [
                -0.9945219159126282,
                4.4287284406802584e-16,
                -0.10452846437692642
            ],
            [
                4.4287284406802584e-16,
                1.0,
                2.3209981575994836e-17
            ],
            [
                0.10452846437692642,
                -2.3209981575994836e-17,
                -0.9945219159126282
            ]
        ],
        [
            [
                -0.9945219159126282,
                4.4287284406802584e-16,
                0.10452846437692642
            ],
            [
                4.4287284406802584e-16,
                1.0,
                -2.3209981575994836e-17
            ],
            [
                -0.10452846437692642,
                2.3209981575994836e-17,
                -0.9945219159126282
            ]
        ],
        [
            [
                -0.9510565400123596,
                4.3322159184833273e-16,
                0.30901700258255005
            ],
            [
                4.3322159184833273e-16,
                1.0,
                -6.86155582535597e-17
            ],
            [
                -0.30901700258255005,
                6.86155582535597e-17,
                -0.9510565400123596
            ]
        ],
        [
            [
                -0.8660253882408142,
                4.1434088334689955e-16,
                0.5
            ],
            [
                4.1434088334689955e-16,
                1.0,
                -1.1102230246251565e-16
            ],
            [
                -0.5,
                1.1102230246251565e-16,
                -0.8660253882408142
            ]
        ],
        [
            [
                -0.7431448101997375,
                3.870558874730296e-16,
                0.6691306233406067
            ],
            [
                3.870558874730296e-16,
                1.0,
                -1.4857684490290495e-16
            ],
            [
                -0.6691306233406067,
                1.4857684490290495e-16,
                -0.7431448101997375
            ]
        ],
        [
            [
                -0.5877852439880371,
                3.5255914720711814e-16,
                0.80901700258255
            ],
            [
                3.5255914720711814e-16,
                1.0,
                -1.7963786071607536e-16
            ],
            [
                -0.80901700258255,
                1.7963786071607536e-16,
                -0.5877852439880371
            ]
        ],
        [
            [
                -0.4067366421222687,
                3.123582753161594e-16,
                0.9135454297065735
            ],
            [
                3.123582753161594e-16,
                1.0,
                -2.0284782078537427e-16
            ],
            [
                -0.9135454297065735,
                2.0284782078537427e-16,
                -0.4067366421222687
            ]
        ],
        [
            [
                -0.2079116851091385,
                2.6821028283055483e-16,
                0.9781476259231567
            ],
            [
                2.6821028283055483e-16,
                1.0,
                -2.1719241639135445e-16
            ],
            [
                -0.9781476259231567,
                2.1719241639135445e-16,
                -0.2079116851091385
            ]
        ]
    ],
    "c2ws": [
        [
            [
                4.930380657631324e-32,
                -2.220446049250313e-16,
                1.0,
                0.9020147919654846
            ],
            [
                -2.220446049250313e-16,
                1.0,
                2.220446049250313e-16,
                2.0028751811851034e-16
            ],
            [
                -1.0,
                -2.220446049250313e-16,
                0.0,
                0.0
            ],
            [
                0.0,
                0.0,
                0.0,
                1.0
            ]
        ],
        [
            [
                0.2079116702079773,
                -1.758789402543976e-16,
                0.978147566318512,
                0.8823035955429077
            ],
            [
                -1.758789402543976e-16,
                1.0,
                2.1719238992157485e-16,
                1.9591075329625956e-16
            ],
            [
                -0.978147566318512,
                -2.1719238992157485e-16,
                0.2079116702079773,
                0.18753941357135773
            ],
            [
                0.0,
                0.0,
                0.0,
                1.0
            ]
        ],
        [
            [
                0.40673667192459106,
                -1.317309212990134e-16,
                0.9135454893112183,
                0.8240315318107605
            ],
            [
                -1.317309212990134e-16,
                1.0,
                2.0284784725515387e-16,
                1.8297176916157848e-16
            ],
            [
                -0.9135454893112183,
                -2.0284784725515387e-16,
                0.40673667192459106,
                0.36688247323036194
            ],
            [
                0.0,
                0.0,
                0.0,
                1.0
            ]
        ],
        [
            [
                0.5877852439880371,
                -9.153006264294447e-17,
                0.80901700258255,
                0.7297453284263611
            ],
            [
                -9.153006264294447e-17,
                1.0,
                1.7963786071607536e-16,
                1.6203601314631857e-16
            ],
            [
                -0.80901700258255,
                -1.7963786071607536e-16,
                0.5877852439880371,
                0.5301910042762756
            ],
            [
                0.0,
                0.0,
                0.0,
                1.0
            ]
        ],
        [
            [
                0.7431448101997375,
                -5.703330914214321e-17,
                0.6691306233406067,
                0.6035656929016113
            ],
            [
                -5.703330914214321e-17,
                1.0,
                1.4857684490290495e-16,
                1.3401850582664106e-16
            ],
            [
                -0.6691306233406067,
                -1.4857684490290495e-16,
                0.7431448101997375,
                0.6703276038169861
            ],
            [
                0.0,
                0.0,
                0.0,
                1.0
            ]
        ],
        [
            [
                0.8660253882408142,
                -2.974833312060796e-17,
                0.5,
                0.4510074257850647
            ],
            [
                -2.974833312060796e-17,
                1.0,
                1.1102230246251565e-16,
                1.0014376567670007e-16
            ],
            [
                -0.5,
                -1.1102230246251565e-16,
                0.8660253882408142,
                0.7811678051948547
            ],
            [
                0.0,
                0.0,
                0.0,
                1.0
            ]
        ],
        [
            [
                0.9510564804077148,
                -1.086764198996765e-17,
                0.30901697278022766,
                0.2787379026412964
            ],
            [
                -1.086764198996765e-17,
                1.0,
                6.86155516361148e-17,
                6.18922474696185e-17
            ],
            [
                -0.30901697278022766,
                -6.86155516361148e-17,
                0.9510564804077148,
                0.8578670024871826
            ],
            [
                0.0,
                0.0,
                0.0,
                1.0
            ]
        ],
        [
            [
                0.9945218563079834,
                -1.216388115913316e-18,
                0.10452845692634583,
                0.09428621828556061
            ],
            [
                -1.216388115913316e-18,
                1.0,
                2.320997992163361e-17,
                2.0935746089092568e-17
            ],
            [
                -0.10452845692634583,
                -2.320997992163361e-17,
                0.9945218563079834,
                0.8970734477043152
            ],
            [
                0.0,
                0.0,
                0.0,
                1.0
            ]
        ],
        [
            [
                0.9945218563079834,
                -1.216388115913316e-18,
                -0.10452845692634583,
                -0.09428621828556061
            ],
            [
                -1.216388115913316e-18,
                1.0,
                -2.320997992163361e-17,
                -2.0935746089092568e-17
            ],
            [
                0.10452845692634583,
                2.320997992163361e-17,
                0.9945218563079834,
                0.8970734477043152
            ],
            [
                0.0,
                0.0,
                0.0,
                1.0
            ]
        ],
        [
            [
                0.9510564804077148,
                -1.086764198996765e-17,
                -0.30901697278022766,
                -0.2787379026412964
            ],
            [
                -1.086764198996765e-17,
                1.0,
                -6.86155516361148e-17,
                -6.18922474696185e-17
            ],
            [
                0.30901697278022766,
                6.86155516361148e-17,
                0.9510564804077148,
                0.8578670024871826
            ],
            [
                0.0,
                0.0,
                0.0,
                1.0
            ]
        ],
        [
            [
                0.8660253882408142,
                -2.974833312060796e-17,
                -0.5,
                -0.4510074257850647
            ],
            [
                -2.974833312060796e-17,
                1.0,
                -1.1102230246251565e-16,
                -1.0014376567670007e-16
            ],
            [
                0.5,
                1.1102230246251565e-16,
                0.8660253882408142,
                0.7811678051948547
            ],
            [
                0.0,
                0.0,
                0.0,
                1.0
            ]
        ],
        [
            [
                0.7431448101997375,
                -5.703330914214321e-17,
                -0.6691306233406067,
                -0.6035656929016113
            ],
            [
                -5.703330914214321e-17,
                1.0,
                -1.4857684490290495e-16,
                -1.3401850582664106e-16
            ],
            [
                0.6691306233406067,
                1.4857684490290495e-16,
                0.7431448101997375,
                0.6703276038169861
            ],
            [
                0.0,
                0.0,
                0.0,
                1.0
            ]
        ],
        [
            [
                0.5877852439880371,
                -9.153006264294447e-17,
                -0.80901700258255,
                -0.7297453284263611
            ],
            [
                -9.153006264294447e-17,
                1.0,
                -1.7963786071607536e-16,
                -1.6203601314631857e-16
            ],
            [
                0.80901700258255,
                1.7963786071607536e-16,
                0.5877852439880371,
                0.5301910042762756
            ],
            [
                0.0,
                0.0,
                0.0,
                1.0
            ]
        ],
        [
            [
                0.40673667192459106,
                -1.317309212990134e-16,
                -0.9135454893112183,
                -0.8240315318107605
            ],
            [
                -1.317309212990134e-16,
                1.0,
                -2.0284784725515387e-16,
                -1.8297176916157848e-16
            ],
            [
                0.9135454893112183,
                2.0284784725515387e-16,
                0.40673667192459106,
                0.36688247323036194
            ],
            [
                0.0,
                0.0,
                0.0,
                1.0
            ]
        ],
        [
            [
                0.2079116702079773,
                -1.758789402543976e-16,
                -0.978147566318512,
                -0.8823035955429077
            ],
            [
                -1.758789402543976e-16,
                1.0,
                -2.1719238992157485e-16,
                -1.9591075329625956e-16
            ],
            [
                0.978147566318512,
                2.1719238992157485e-16,
                0.2079116702079773,
                0.18753941357135773
            ],
            [
                0.0,
                0.0,
                0.0,
                1.0
            ]
        ],
        [
            [
                1.2246468525851679e-16,
                -2.220446049250313e-16,
                -1.0,
                -0.9020147919654846
            ],
            [
                -2.220446049250313e-16,
                1.0,
                -2.220446049250313e-16,
                -2.0028751811851034e-16
            ],
            [
                1.0,
                2.220446049250313e-16,
                1.2246468525851679e-16,
                1.1046495478322232e-16
            ],
            [
                0.0,
                0.0,
                0.0,
                1.0
            ]
        ],
        [
            [
                -0.2079116702079773,
                -2.6821028283055483e-16,
                -0.978147566318512,
                -0.8823035955429077
            ],
            [
                -2.6821028283055483e-16,
                1.0,
                -2.1719240315646465e-16,
                -1.9591075329625956e-16
            ],
            [
                0.978147566318512,
                2.1719240315646465e-16,
                -0.2079116702079773,
                -0.18753941357135773
            ],
            [
                0.0,
                0.0,
                0.0,
                1.0
            ]
        ],
        [
            [
                -0.40673667192459106,
                -3.123582753161594e-16,
                -0.9135454893112183,
                -0.8240315318107605
            ],
            [
                -3.123582753161594e-16,
                1.0,
                -2.0284783402026407e-16,
                -1.8297175592668868e-16
            ],
            [
                0.9135454893112183,
                2.0284783402026407e-16,
                -0.40673667192459106,
                -0.36688247323036194
            ],
            [
                0.0,
                0.0,
                0.0,
                1.0
            ]
        ],
        [
            [
                -0.5877852439880371,
                -3.5255914720711814e-16,
                -0.80901700258255,
                -0.7297453284263611
            ],
            [
                -3.5255914720711814e-16,
                1.0,
                -1.7963786071607536e-16,
                -1.6203601314631857e-16
            ],
            [
                0.80901700258255,
                1.7963786071607536e-16,
                -0.5877852439880371,
                -0.5301910042762756
            ],
            [
                0.0,
                0.0,
                0.0,
                1.0
            ]
        ],
        [
            [
                -0.7431448101997375,
                -3.870558874730296e-16,
                -0.6691306233406067,
                -0.6035656929016113
            ],
            [
                -3.870558874730296e-16,
                1.0,
                -1.4857683166801514e-16,
                -1.3401850582664106e-16
            ],
            [
                0.6691306233406067,
                1.4857683166801514e-16,
                -0.7431448101997375,
                -0.6703276038169861
            ],
            [
                0.0,
                0.0,
                0.0,
                1.0
            ]
        ],
        [
            [
                -0.8660253882408142,
                -4.1434088334689955e-16,
                -0.5,
                -0.4510074257850647
            ],
            [
                -4.1434088334689955e-16,
                1.0,
                -1.1102231569740545e-16,
                -1.0014377229414497e-16
            ],
            [
                0.5,
                1.1102231569740545e-16,
                -0.8660253882408142,
                -0.7811678051948547
            ],
            [
                0.0,
                0.0,
                0.0,
                1.0
            ]
        ],
        [
            [
                -0.9510564804077148,
                -4.3322156537855313e-16,
                -0.30901697278022766,
                -0.2787379026412964
            ],
            [
                -4.3322156537855313e-16,
                1.0,
                -6.86155516361148e-17,
                -6.18922474696185e-17
            ],
            [
                0.30901697278022766,
                6.86155516361148e-17,
                -0.9510564804077148,
                -0.8578670024871826
            ],
            [
                0.0,
                0.0,
                0.0,
                1.0
            ]
        ],
        [
            [
                -0.9945218563079834,
                -4.4287281759824624e-16,
                -0.10452845692634583,
                -0.09428621828556061
            ],
            [
                -4.4287281759824624e-16,
                1.0,
                -2.320997992163361e-17,
                -2.0935744434731343e-17
            ],
            [
                0.10452845692634583,
                2.320997992163361e-17,
                -0.9945218563079834,
                -0.8970734477043152
            ],
            [
                0.0,
                0.0,
                0.0,
                1.0
            ]
        ],
        [
            [
                -0.9945218563079834,
                -4.4287281759824624e-16,
                0.10452845692634583,
                0.09428621828556061
            ],
            [
                -4.4287281759824624e-16,
                1.0,
                2.320997992163361e-17,
                2.0935744434731343e-17
            ],
            [
                -0.10452845692634583,
                -2.320997992163361e-17,
                -0.9945218563079834,
                -0.8970734477043152
            ],
            [
                0.0,
                0.0,
                0.0,
                1.0
            ]
        ],
        [
            [
                -0.9510564804077148,
                -4.3322156537855313e-16,
                0.30901697278022766,
                0.2787379026412964
            ],
            [
                -4.3322156537855313e-16,
                1.0,
                6.86155516361148e-17,
                6.18922474696185e-17
            ],
            [
                -0.30901697278022766,
                -6.86155516361148e-17,
                -0.9510564804077148,
                -0.8578670024871826
            ],
            [
                0.0,
                0.0,
                0.0,
                1.0
            ]
        ],
        [
            [
                -0.8660253882408142,
                -4.1434088334689955e-16,
                0.5,
                0.4510074257850647
            ],
            [
                -4.1434088334689955e-16,
                1.0,
                1.1102231569740545e-16,
                1.0014377229414497e-16
            ],
            [
                -0.5,
                -1.1102231569740545e-16,
                -0.8660253882408142,
                -0.7811678051948547
            ],
            [
                0.0,
                0.0,
                0.0,
                1.0
            ]
        ],
        [
            [
                -0.7431448101997375,
                -3.870558874730296e-16,
                0.6691306233406067,
                0.6035656929016113
            ],
            [
                -3.870558874730296e-16,
                1.0,
                1.4857683166801514e-16,
                1.3401850582664106e-16
            ],
            [
                -0.6691306233406067,
                -1.4857683166801514e-16,
                -0.7431448101997375,
                -0.6703276038169861
            ],
            [
                0.0,
                0.0,
                0.0,
                1.0
            ]
        ],
        [
            [
                -0.5877852439880371,
                -3.5255914720711814e-16,
                0.80901700258255,
                0.7297453284263611
            ],
            [
                -3.5255914720711814e-16,
                1.0,
                1.7963786071607536e-16,
                1.6203601314631857e-16
            ],
            [
                -0.80901700258255,
                -1.7963786071607536e-16,
                -0.5877852439880371,
                -0.5301910042762756
            ],
            [
                0.0,
                0.0,
                0.0,
                1.0
            ]
        ],
        [
            [
                -0.40673667192459106,
                -3.123582753161594e-16,
                0.9135454893112183,
                0.8240315318107605
            ],
            [
                -3.123582753161594e-16,
                1.0,
                2.0284783402026407e-16,
                1.8297175592668868e-16
            ],
            [
                -0.9135454893112183,
                -2.0284783402026407e-16,
                -0.40673667192459106,
                -0.36688247323036194
            ],
            [
                0.0,
                0.0,
                0.0,
                1.0
            ]
        ],
        [
            [
                -0.2079116702079773,
                -2.6821028283055483e-16,
                0.978147566318512,
                0.8823035955429077
            ],
            [
                -2.6821028283055483e-16,
                1.0,
                2.1719240315646465e-16,
                1.9591075329625956e-16
            ],
            [
                -0.978147566318512,
                -2.1719240315646465e-16,
                -0.2079116702079773,
                -0.18753941357135773
            ],
            [
                0.0,
                0.0,
                0.0,
                1.0
            ]
        ]
    ],
    "dataset_type": "tank",
    "delaunay": false,
    "far": [
        13.0,
        13.0,
        13.0,
        13.0,
        13.0,
        13.0,
        13.0,
        13.0,
        13.0,
        13.0,
        13.0,
        13.0,
        13.0,
        13.0,
        13.0,
        13.0,
        13.0,
        13.0,
        13.0,
        13.0,
        13.0,
        13.0,
        13.0,
        13.0,
        13.0,
        13.0,
        13.0,
        13.0,
        13.0,
        13.0
    ],
    "focal": 568.8888549804688,
    "height": 480.0,
    "near": [
        0.47,
        0.46,
        0.46,
        0.48,
        0.52,
        0.58,
        0.65,
        0.72,
        0.75,
        0.73,
        0.71,
        0.65,
        0.59,
        0.55,
        0.5,
        0.46,
        0.44,
        0.44,
        0.46,
        0.5,
        0.55,
        0.6,
        0.66,
        0.72,
        0.75,
        0.71,
        0.65,
        0.6,
        0.55,
        0.5
    ],
    "num_layers": [
        16,
        16,
        16,
        16,
        16,
        16,
        16,
        16,
        16,
        16,
        16,
        16,
        16,
        16,
        16,
        16,
        16,
        16,
        16,
        16,
        16,
        16,
        16,
        16,
        16,
        16,
        16,
        16,
        16,
        16
    ],
    "num_sublayers": [
        12,
        12,
        12,
        12,
        12,
        12,
        12,
        12,
        12,
        12,
        12,
        12,
        12,
        12,
        12,
        12,
        12,
        12,
        12,
        12,
        12,
        12,
        12,
        12,
        12,
        12,
        12,
        12,
        12,
        12
    ],
    "offset": [
        171.0,
        171.0,
        171.0,
        171.0,
        171.0,
        171.0,
        171.0,
        171.0,
        171.0,
        171.0,
        171.0,
        171.0,
        171.0,
        171.0,
        171.0,
        171.0,
        171.0,
        171.0,
        171.0,
        171.0,
        171.0,
        171.0,
        171.0,
        171.0,
        171.0,
        171.0,
        171.0,
        171.0,
        171.0,
        171.0
    ],
    "planes": [
        [
            0.4699999988079071,
            0.4723738133907318,
            0.4747717082500458,
            0.4771941006183624,
            0.479641318321228,
            0.482113778591156,
            0.4846118092536926,
            0.48713594675064087,
            0.4896864593029022,
            0.4922638237476349,
            0.4948684573173523,
            0.49750080704689026,
            0.500161349773407,
            0.5028504133224487,
            0.5055686831474304,
            0.5083163976669312,
            0.5110941529273987,
            0.513902485370636,
            0.5167417526245117,
            0.5196126699447632,
            0.522515594959259,
            0.5254511833190918,
            0.5284199118614197,
            0.5314224362373352,
            0.5344592332839966,
            0.5375309586524963,
            0.5406381487846375,
            0.5437814593315125,
            0.5469615459442139,
            0.5501790642738342,
            0.5534346699714661,
            0.5567290782928467,
            0.560062825679779,
            0.5634368658065796,
            0.5668517351150513,
            0.570308268070221,
            0.5738072395324707,
            0.5773493647575378,
            0.5809354782104492,
            0.5845664739608765,
            0.5882431268692017,
            0.5919662714004517,
            0.5957369804382324,
            0.5995559096336365,
            0.6034241318702698,
            0.6073426008224487,
            0.6113123297691345,
            0.6153342723846436,
            0.6194095015525818,
            0.6235390305519104,
            0.6277239918708801,
            0.6319655776023865,
            0.6362648010253906,
            0.6406229734420776,
            0.6450412273406982,
            0.6495208144187927,
            0.6540631055831909,
            0.6586693525314331,
            0.6633409857749939,
            0.6680793166160583,
            0.6728858351707458,
            0.6777620315551758,
            0.6827093958854675,
            0.68772953748703,
            0.6928240060806274,
            0.697994589805603,
            0.7032428979873657,
            0.708570659160614,
            0.7139798998832703,
            0.7194722294807434,
            0.7250497937202454,
            0.7307144999504089,
            0.7364684343338013,
            0.7423136830329895,
            0.7482524514198303,
            0.7542870044708252,
            0.7604197263717651,
            0.7666528820991516,
            0.7729891538619995,
            0.7794309854507446,
            0.7859811782836914,
            0.7926422953605652,
            0.7994173765182495,
            0.8063092827796936,
            0.8133209943771362,
            0.8204556703567505,
            0.8277167677879333,
            0.8351074457168579,
            0.8426313400268555,
            0.8502919673919678,
            0.85809326171875,
            0.866038978099823,
            0.8741331696510315,
            0.8823801279067993,
            0.8907842040061951,
            0.8993499279022217,
            0.9080820679664612,
            0.9169853329658508,
            0.9260649085044861,
            0.9353260397911072,
            0.9447742700576782,
            0.9544154405593872,
            0.9642553329467773,
            0.97430020570755,
            0.9845566749572754,
            0.9950312972068787,
            1.0057311058044434,
            1.016663670539856,
            1.027836561203003,
            1.0392576456069946,
            1.0509353876113892,
            1.0628786087036133,
            1.0750963687896729,
            1.0875983238220215,
            1.100394368171692,
            1.1134952306747437,
            1.1269117593765259,
            1.140655517578125,
            1.1547386646270752,
            1.1691738367080688,
            1.1839746236801147,
            1.1991548538208008,
            1.2147294282913208,
            1.230713963508606,
            1.2471246719360352,
            1.2639789581298828,
            1.2812949419021606,
            1.299092173576355,
            1.3173906803131104,
            1.3362120389938354,
            1.355579137802124,
            1.3755156993865967,
            1.3960474729537964,
            1.4172015190124512,
            1.4390064477920532,
            1.4614927768707275,
            1.484693169593811,
            1.5086419582366943,
            1.5333760976791382,
            1.5589346885681152,
            1.5853599309921265,
            1.6126962900161743,
            1.6409919261932373,
            1.6702983379364014,
            1.700670599937439,
            1.7321677207946777,
            1.7648534774780273,
            1.7987967729568481,
            1.8340710401535034,
            1.8707566261291504,
            1.9089397192001343,
            1.9487138986587524,
            1.9901808500289917,
            2.0334508419036865,
            2.078644037246704,
            2.125892162322998,
            2.175337791442871,
            2.2271385192871094,
            2.281466245651245,
            2.3385109901428223,
            2.398481607437134,
            2.461608648300171,
            2.528148651123047,
            2.59838604927063,
            2.672637462615967,
            2.7512574195861816,
            2.8346428871154785,
            2.9232406616210938,
            3.0175559520721436,
            3.118159770965576,
            3.225703477859497,
